1,-0.35,-0.36,-0.26,-0.03,0.01,0.2,0.05,0.04,-0.12
-0.35,1,-0.17,-0.64,-0.4,-0.18,0.23,0.09,0.11,-0.05
-0.36,-0.17,1,0.29,-0.04,-0.35,-0.53,-0.07,0.28,0.31
-0.26,-0.64,0.29,1,0.38,-0.02,-0.5,-0.37,-0.22,0.34
-0.03,-0.4,-0.04,0.38,1,0.03,-0.2,-0.36,-0.52,0
0.01,-0.18,-0.35,-0.02,0.03,1,0.35,0.13,-0.24,-0.37
0.2,0.23,-0.53,-0.5,-0.2,0.35,1,0.29,-0.01,-0.47
0.05,0.09,-0.07,-0.37,-0.36,0.13,0.29,1,0.33,-0.53
0.04,0.11,0.28,-0.22,-0.52,-0.24,-0.01,0.33,1,-0.1
-0.12,-0.05,0.31,0.34,0,-0.37,-0.47,-0.53,-0.1,1
